2 3 1 2
3
4 50 10 10
75
1 1 200 2 (15,8),(20,10)
1 2 56 5 (30,7),(50,13),(70,2),(85,5),(90,10)
1 3 56 3 (50,7),(101,13)
1 4 200 0
1 5 56 5 (60,7),(80,13),(130,2),(150,5),(176,10)
1 6 56 0 
1 7 200 2 (15,8),(20,10)
1 8 56 5 (12,7),(34,13),(44,2),(52,5),(56,10)
1 9 56 0
1 10 200 1 (15,4)
1 11 56 0
1 12 56 4 (15,8),(30,10),(50,3),(70,20)
1 13 200 2 (15,8),(20,10)
2 14 56 3 (42,6),(52,10),(70,30)
2 15 56 5 (10,7),(60,13),(100,2),(120,5),(140,10)
2 16 200 2 (15,8),(20,10)
2 17 56 0
2 18 56 0
2 19 200 2 (15,8),(20,10)
2 20 56 5 (80,7),(98,13),(142,2)
2 21 56 0
2 22 200 2 (15,8),(20,10)
3 23 56 1 (127,7)
3 24 56 1 (12,7)
3 25 200 2 (15,8),(20,10)
3 26 56 2 (50,2),(160,3)
3 27 56 0 
3 28 200 2 (15,8),(20,10)
3 29 56 1 (100,7)
3 30 56 0 
5 31 200 2 (15,8),(20,10)
5 32 56 2 (10,8),(130,7)
5 33 56 0
5 34 200 2 (15,8),(20,10)
5 35 56 2 (60,1),(34,13)
5 36 56 0
5 37 200 2 (15,8),(20,10)
5 38 56 0 
6 39 56 10 (60,7),(100,8),(144,2),(170,5),(250,10),(280,7),(350,8),(400,2),(470,5),(610,10)
6 40 200 2 (210,8),(250,10)
6 41 56 0
6 42 56 3 (124,4),(340,3),(470,2)
6 43 200 2 (15,8),(20,10)
6 44 56 0
6 45 56 0
6 46 200 2 (15,8),(20,10)
6 47 56 1 (120,7)
7 48 56 0
7 49 200 2 (15,8),(20,10)
7 50 56 2 (120,8),(340,5)
7 51 56 0 
7 52 200 3 (15,8),(20,10),(124,8)
7 53 56 1 (120,7)
8 54 56 0
8 55 200 2 (15,8),(20,10)
8 56 56 0
8 57 56 0
8 58 200 2 (15,8),(20,10)
8 59 56 1 (400,7)
9 60 56 0
9 61 200 2 (15,8),(20,10)
10 62 56 3 (581,2),(700,13),(940,10)
11 63 56 0 
15 64 200 2 (15,8),(20,10)
16 65 56 4 (150,7),(340,4),(440,2),(520,5)
17 66 56 0
18 67 200 2 (90,5),(140,10)
19 68 56 0 
20 69 56 1 (80,8)
21 70 200 2 (150,8),(260,10)
22 71 56 5 (200,4),(306,5),(406,2),(505,5),(561,10)
23 72 56 0 
23 73 200 1 (154,1)
23 74 56 5 (200,7),(304,13),(404,2),(502,5),(560,10)
23 75 56 0 


3 1
20 5
24 10
32 50
60 32
70 46

 