TT	PID	AT	CT	IO_D	WT	RT	TRT
3	1	1	200	18	-198	0	2
57	2	1	56	37	0	0	56
57	5	1	56	37	0	0	56
57	8	1	56	37	0	0	56
60	14	2	56	46	2	2	58
75	23	3	56	7	16	16	72
114	9	1	56	0	57	57	113
114	11	1	56	0	57	57	113
117	17	2	56	0	59	59	115
132	68	19	56	0	57	57	113
171	18	2	56	0	113	113	169
171	75	23	56	0	92	92	148
189	69	20	56	8	113	113	169
201	4	1	200	0	0	0	200
224	27	3	56	0	165	157	221
228	71	22	56	26	150	150	206
228	10	1	200	4	27	1	227
230	39	6	56	64	168	168	224
233	12	1	56	41	176	53	232
246	72	23	56	0	167	167	223
258	15	2	56	37	200	200	256
262	44	6	56	0	200	200	256
285	66	17	56	0	212	212	268
291	65	16	56	18	219	219	275
308	59	8	56	7	244	244	300
315	41	6	56	0	253	253	309
319	53	7	56	7	256	256	312
342	62	10	56	25	276	276	332
348	60	9	56	0	283	283	339
352	30	3	56	0	293	210	349
356	50	7	56	13	293	280	349
365	63	11	56	0	298	298	354
372	36	5	56	0	311	311	367
376	57	8	56	0	312	312	368
400	42	6	56	9	338	338	394
413	3	1	56	20	356	0	412
440	6	1	56	0	383	0	439
444	21	2	56	0	386	105	442
447	40	6	200	18	241	241	441
451	54	8	56	0	387	332	443
457	38	5	56	0	396	396	452
470	51	7	56	0	407	407	463
489	24	3	56	7	430	169	486
515	33	5	56	0	454	454	510
519	74	23	56	37	440	391	496
546	45	6	56	0	484	484	540
557	47	6	56	7	495	495	551
561	16	2	200	18	359	20	559
566	70	21	200	18	345	345	545
576	29	3	56	7	517	517	573
584	35	5	56	14	523	134	579
631	73	23	200	1	408	203	608
633	26	3	56	5	574	574	630
651	13	1	200	18	450	57	650
690	56	8	56	0	626	626	682
690	32	5	56	15	629	629	685
726	25	3	200	18	523	449	723
738	43	6	200	18	532	225	732
747	7	1	200	18	546	0	746
753	34	5	200	18	548	261	748
757	19	2	200	18	555	371	755
801	67	18	200	15	583	61	783
832	64	15	200	18	617	379	817
871	31	5	200	18	666	546	866
879	48	7	56	0	816	816	872
904	55	8	200	18	696	467	896
909	22	2	200	18	707	116	907
930	46	6	200	18	724	685	924
938	61	9	200	18	729	368	929
966	20	2	56	22	908	341	964
969	58	8	200	18	761	385	961
969	28	3	200	18	766	182	966
969	76	969	152	0	-152	-1	0
969	77	969	1	0	-1	-1	0
969	52	7	200	26	762	392	962
969	49	7	200	18	762	409	962
969	37	5	200	18	764	519	964
77
Avg WT = 354	Avg RT = 242	Avg TRT = 457
Migration %: 	 RTF= 12%,	MaxW= 0%
Work Steal %: 87%
Forked Process %: 2%
killed process %:9%
 
Processors: 8[ 2FCFS, 3SJF, 1RR, 2EDF]
Processors Load
p1=2%,	p2=2%,	p3=2%,	p4=2%,	p5=2%,	p6=2%,	p7=2%,	p8=2%,	

Processors Utiliz
p1=97%,	p2=98%,	p3=96%,	p4=94%,	p5=96%,	p6=90%,	p7=98%,	p8=88%,	
 Avg utilization = 94.625%,
